-5.901096525987363783e+00 1.598693749007953913e-01
-8.558034034668139611e+00 3.924677838296950050e+00
-1.266897059293481931e+01 6.681819505714525320e+00
-1.712602744924084419e+01 9.430361802739849253e+00
-2.102862690688721514e+01 1.416192252456547607e+01
-2.467438735242654602e+01 1.868760609027486908e+01
-2.580811090144348441e+01 2.342868034749371375e+01
-2.576692733717712613e+01 2.679272076726916652e+01
-2.752479449294750324e+01 3.111618778055437673e+01
-2.841072263784837659e+01 3.603096290195186668e+01
-2.802134506754324050e+01 4.094790448273747785e+01
-2.749332119307877775e+01 4.565363934857611383e+01
-2.603299458510820585e+01 5.132441518715337736e+01
-2.413175777462627991e+01 5.580659082777629720e+01
-2.343534373298515661e+01 6.141026955578868751e+01
-2.087375982469965052e+01 6.603761019258686815e+01
-1.774278674931782263e+01 7.121399478842302244e+01
-1.236678074158310814e+01 7.712174804005539386e+01
-7.815309245995660348e+00 8.110460027013085949e+01
-3.291163864370211911e+00 8.565636139505527069e+01
1.086272837092793875e+00 8.888469359129410918e+01
5.685308957376975059e+00 9.366909103067571607e+01
9.393149964279640329e+00 9.656544126316660481e+01
1.197213482120568884e+01 9.890098052339428136e+01
1.394131316044081537e+01 9.697542899090940693e+01
1.627950425564837644e+01 9.507247478727749979e+01
1.909290412280363114e+01 9.319785009296371925e+01
2.111888234569608613e+01 9.209048985593119596e+01
2.232064042216446609e+01 8.964932746763349769e+01
2.332293697544930566e+01 8.646865395023417022e+01
2.418436661859087167e+01 8.405261891918929962e+01
2.428422133236849945e+01 8.107018622632044469e+01
2.434932245359141945e+01 7.791011692104238762e+01
2.432406443610659252e+01 7.512350297507192920e+01
2.418761320374144219e+01 7.177543616302243379e+01
2.357439060616464843e+01 6.841092866900916647e+01
2.327125041808966799e+01 6.447293174892458012e+01
2.281732786609889274e+01 6.107175158165762952e+01
2.216168605459029095e+01 5.764294972381383531e+01
2.126640077064358536e+01 5.399139971790952330e+01
2.055635585038024971e+01 5.108542788527371670e+01
1.968797549888261145e+01 4.639491657902588884e+01
1.846914282523535178e+01 4.224640271397397129e+01
1.821551562022733961e+01 3.787079733118049063e+01
1.687866176632020654e+01 3.386012603801804488e+01
1.583991379769595831e+01 3.063826304904635833e+01
1.428794149332461494e+01 2.780780533456207948e+01
1.386422686479945554e+01 2.558656831826714395e+01
1.390620211424165475e+01 2.255951045116806597e+01
1.439922875401770241e+01 1.913007466314388338e+01
1.355746935738618397e+01 1.589753131470827263e+01
1.160158558013754870e+01 1.226162936401226311e+01
8.458182129840070118e+00 8.828732036221948576e+00
5.045586131222925985e+00 6.004151583518568813e+00
2.289440053701892630e+00 4.389105926885417119e+00
1.290971439518866504e+00 1.988094817571572692e+00
